------------------
Índice remissivo:
------------------
a- 1745
aaaah 3569
aah 1413 1413 2056 2721 2746 3569
aawww 3612
able 180 2905
aboard 3289
about 17 235 345 612 823 928 1068 1186 1227 1316 1590 2012 2016 2154 2287 2457 2491 2523 2533 2661 3065 3213 3214 3219 3220 3250 3322 3329 3472
above 1588
abused 755
accept 3031
accordion 2240
across 1289 1633 2118
actually 40 50 1752
add 1339
admiration 2295
admit 1650
adventure 604
afraid 1222 1322 1336 2632 2641 2642 3195 3573
after 19 207 811 1127 2159 2317 2400 2883 3323 3495
again 108 607 609 626 905 906 1282 1398 1587 1594 1846 2097 2097 2104 2173 3202
against 988 2049
agasps 2331
agreed 2998
ah 404 945 1005 1005 2108 2389 2810 2975
ahead 149 962 2168 3308 3321 3587
ahem 2464
aimed 2759
aint 198 1343 1962 2713 2799 2827 3223
air 1408 3615
alive 3442
all 27 59 75 81 253 300 301 318 348 434 520 525 534 538 538 568 578 591 595 601 624 674 731 744 799 866 917 924 972 1000 1009 1039 1117 1385 1415 1422 1536 1608 1632 1634 1753 1788 2154 2159 2309 2341 2471 2600 2825 2825 2859 2912 2912 2940 3111 3203 3234 3283 3283 3283 3284 3318 3367 3436 3572 3629
allstar 17
almost 287
alone 300 2009 2059 2329 2471 3080 3098 3098
alonetheres 434
along 82 890 2118
already 1028 1260 2697 3409
also 2588
altar 3399
alter 3421
alters 3526
although 762
always 2181 2538 3171 3176
am 225 315 448 938 1466 1651 2218 2219 3235
amazing 359 1645 2325
an 3 322 564 1060 1083 1337 1437 1499 1745 1754 2240 2261 2269 2298 2332 2665 2686 2689 2717 2845 3487 3632
and 13 37 57 58 59 65 65 67 77 135 177 178 179 180 213 226 231 233 234 235 235 235 245 246 254 270 278 323 349 357 371 413 427 439 450 452 469 490 491 503 512 519 525 526 531 563 564 595 596 602 637 640 645 654 704 714 725 739 752 754 757 758 764 767 773 815 822 854 858 860 861 875 876 877 890 902 906 910 913 916 920 933 937 937 944 975 977 978 980 988 989 995 1001 1024 1040 1051 1059 1064 1083 1085 1124 1146 1164 1169 1176 1191 1192 1247 1254 1274 1289 1335 1340 1340 1348 1398 1404 1407 1407 1408 1409 1426 1436 1437 1440 1446 1447 1448 1449 1450 1451 1484 1494 1494 1514 1530 1545 1546 1565 1574 1586 1587 1588 1589 1589 1589 1591 1592 1593 1593 1594 1594 1595 1609 1610 1611 1612 1617 1617 1624 1633 1634 1639 1640 1648 1649 1651 1653 1695 1696 1707 1771 1790 1810 1819 1833 1839 1842 1882 1904 1910 1921 1934 1939 1957 1984 2008 2041 2044 2046 2056 2075 2104 2110 2116 2117 2119 2119 2121 2123 2124 2142 2151 2165 2203 2204 2219 2240 2247 2262 2285 2289 2306 2306 2310 2316 2331 2335 2360 2365 2392 2400 2460 2485 2491 2492 2493 2493 2494 2497 2497 2499 2538 2552 2567 2573 2592 2653 2665 2665 2674 2675 2681 2682 2702 2717 2778 2806 2821 2832 2846 2861 2862 2868 2869 2875 2875 2886 2918 2919 2930 2932 2932 2974 2998 3010 3106 3122 3160 3173 3175 3190 3218 3263 3266 3285 3289 3293 3312 3323 3379 3393 3404 3458 3472 3487 3496 3504 3516 3516 3527 3545 3552 3563 3567 3568 3568 3573 3577 3578 3607 3607 3608 3615 3620 3625 3645 3649 3651 3651 3653 3654 3655 3656 3656 3657 3664
angry 1640
animal 2499 2665 3273
annoying 2075 2293 3082
another 109 368 450 1814 2004 2306 2804 3501
answers 571
anxious 3044
any 270 307 935 1349 1778 2070 2568
anybody 275
anyone 577 578 584 2361
anything 724 1874 2950 3175 3223
anytime 757
anyway 1309 1972 2050 2864
apart 3651
appear 1967
appears 1170 1448 1887
appreciate 3175
approaching 2975
are 60 75 76 90 244 296 358 408 488 497 521 525 525 530 534 650 653 656 710 754 877 916 958 1001 1059 1100 1134 1141 1145 1169 1463 1482 1547 1554 1573 1582 1626 1636 1718 1838 1845 1926 1934 1934 1966 1998 2019 2025 2070 2117 2123 2173 2173 2193 2214 2233 2309 2382 2533 2617 2661 2707 2791 2827 2940 3044 3058 3072 3107 3174 3202 3240 3254 3293 3317 3328 3341 3435 3439 3628 3637 3649
arena 913 920
arent 1818 2632 3071
arm 2220
arms 2302
army 231
around 75 214 244 246 524 534 571 866 1377 1627 1934 1986 2495 3117 3121 3177 3317 3615
arrest 226
arrgh 3541
arrived 2979
arrives 3266
arriving 2500 3095
arrow 2298 2302 2303 2332 2393 2400 2426 2477 2479
as 233 638 646 646 665 840 920 979 1009 1054 1054 1289 1342 1377 1398 1399 1415 1445 1466 1516 1566 1576 1590 1596 1608 1611 1635 1636 1637 1640 1641 1741 1882 1935 2093 2111 2111 2193 2193 2289 2400 2424 2456 2485 2488 2490 2496 2778 2795 2796 2932 2936 2981 2993 2998 3009 3375 3427 3433 3504 3553 3657 3664
ask 1766 2472 3026 3255
asking 3254
asleep 1448 2924
ass 1551 3284
assemble 816
asthmatic 1437
at 55 74 151 314 318 350 395 504 544 547 571 578 805 861 873 944 945 1163 1197 1234 1392 1407 1409 1431 1436 1449 1507 1575 1858 1904 1921 2040 2056 2110 2112 2116 2124 2295 2298 2336 2426 2478 2500 2529 2592 2607 2621 2654 2697 2709 2759 2828 2873 2897 2916 2936 2973 3096 3328 3399 3500 3639
ate 291 2752 2789
attached 875 1626
attempted 8
attendant 852 860
attention 591 3174
audience 1002
authorized 225
aw 3279
await 2818
awaiting 1466 3651
awaits 2505
awake 2925
away 6 58 63 64 82 129 210 756 856 1060 1415 1451 1641 1882 1958 2040 2310 2372 2397 2887 2918 3059 3161 3177 3199 3494 3614
awe 718
awful 479 2543
awfully 2278
awkward 372 373
awwww 3608
aye 222 1206
babes 255
baby 1234 1561 2129
bachelorette 754 760 768 776 776 777
bachelorettes 753
back 54 54 54 58 235 236 241 245 251 392 503 596 751 944 1000 1029 1041 1065 1267 1445 1446 1448 1574 1587 1624 1639 1922 2082 2220 2325 2488 2491 2539 2671 2879 2919 2933 2936 3049 3054 3095 3135 3138 3164 3181 3189 3497 3559 3608
background 2093 3650
backs 1289 3504
bad 504 507 512 2157 2270 2274 2640 2791 2826 3181
ballad 1500
balloon 2497 2499
bam 254
band 3047
bangs 988
banner 1535
bare 2110
bark 1905 1911
barrel 975
barrels 980
basically 2265
battle 1663
be 5 40 108 167 262 310 354 393 412 432 663 776 831 950 1150 1181 1182 1185 1357 1361 1448 1474 1654 1753 1770 1784 1887 2218 2436 2446 2471 2595 2641 2703 2805 2893 2924 3027 3462 3634 3642
be-ith 1473
bear 103 3299
bears 524
beast 54 969 1145 2277 2817 2874 2965
beat 2307
beautiful 357 1830 2810 3025 3634 3637
beauty 1429 3002
beautys 2277
because 752 1066 2337 2861 3184 3461
because- 3461
become 744 2816
bed 464 504 1446 2093
bedroom 503 2090
beds 498
bedtime 1915
been 2795 2943 2987 3655
beer 959 965 972 976 976 980
before 278 1175 1540 2057 2201 2800 2820 2914 2919 2998 3002 3040 3502
beg 3546
begin 877 940 2241
beginning 2104
begins 17 199 200 236 440 626 854 858 979 980 1430 1634 2104 2118 2240 2306 2310 2316 2495 2821 3054
behave 2184
behind 37 216 233 490 976 994 1530 1646 1801 1911 2122
bein 1336
being 1227 2905 3096 3442
belches 2174 2187 3577
believe 1180 1562
believer 3650
belts 3286
beneath 1163
berries 292
beset 1695
beside 300 435 1231
besides 2679
best 428 916
bet 198
better 1016 1243 1826 1894 2058 2180 2518 2637 2943 3045
between 1625
bid 1909
big 504 507 512 1197 1593 1971 2056 2063 2078 2121 2168 3130 3235
big-city 603
binding 3527
bird 2118 2118 2119 2121 2122
bit 1164 1209
bites 472
black 3665
blade 2285
blah 479
bleach 1423
bless 3661
blind 452 454 459 481
blocking 2019 2022
blood 2483
bloodnut 1949
blow 1438
blowing 2497 2498
blows 1435
blue 2118 2366 2369 2370 2378 2434 2434 2435 2437 2446
board 1254
body 2749
boiling 770 1193 1228 1637
bold 1466
boneheaded 159
bones 34 1078
book 1365
boom 3318
booty 3130
born 432
both 226 1123 1127 1707 1847 1882 3276 3514 3653
bother 324
bottom 925 1611
boulder 360 361 1888 1922
bounce 1289 2303
bounces 1274 1281
bouncing 464
bouquet 1447 3652 3654
bout 2837
box 875 876
boy 124 1788 1789 3195
boys 2286
brag 2589
branch 2494 3147 3160
brave 8 916 1653 1696
bread 35 1078
break 2261 2842 2893 3651
breakfast 2123
breaks 90 980 1494
breath 59 284 287
breathe 2901 3666 3666
breathes 1339 1340 1400 1634
breathing 2760
bride 3027
bridge 1227 1275 1282 1290 1416 1633 1634 1635
bright 1163
brightest 917
brimstone 1181 1185 1186 1187
bring 710
bringing 74 2670
broad 493
broken 5
brook 2490
broom 89 91
brought 2976
brown 1117 3361
budget 360
bugs 2495
build 1985
built 2573
bump 1649
bumped 214 489
bumps 957 1589
bunch 1962 2493
burden 1145
burn 1634
burned 287 1819
burst 1540 1707
bush 2269 2445
bushes 2241
business 235
busy 2229
but 3 10 198 270 289 302 396 401 456 460 468 571 744 767 771 804 811 826 839 866 938 994 1197 1260 1263 1328 1393 1415 1423 1434 1473 1498 1534 1577 1579 1593 1609 1638 1650 1683 1770 1782 1816 1818 1854 1867 1962 2121 2254 2299 2337 2404 2522 2551 2589 2709 2828 2832 2845 2863 2864 2913 2969 3001 3086 3116 3443 3455 3494 3497 3633 3637 3653
butt 293 983 1371 1591 2332
buttons 666 670 671
by 5 7 17 225 271 432 433 512 560 713 770 822 1193 1450 1695 1696 1757 1770 1771 2270 2804 2804 2982 3379 3500 3501 3624 3650
bye-bye 1146
cage 76 104 179
cages 75
cake 1129 3046
cakes 1130 1130 1134
call 1564
called 1658
calm 2364 2825
calmed 1810
calmly 57
came 596 3181
camera 902 2092
camp 1860 1870 1879
campfire 1164 1934
can 31 108 146 167 175 183 186 189 192 239 250 349 373 380 412 526 615 621 646 725 744 801 1348 1507 1783 1848 1863 1894 1944 1950 2455 2599 2753 2796 2842 2874 3236 3267 3376 3462
candle 440
candy 3656
cane 3656 3656
cant 608 646 965 1222 1256 2228 2358 2566 2709 2872 2876 2901 3455 3665 3666
cape-wearing 761
captain 816 3047
card 3294 3294 3483 3483
cards 1578 3607
care 1133 1622
cares 3493
carriage 3652
carries 1440 1811
carrying 76 77 77 713
case 2331
cast 2815
castle 6 770 823 831 1193 1305 1319 1625
cat 3654
catch 646 2495 3653
catches 3654
catching 2497 2498 3415
caterer 3046
caught 773
cause 285 286 299 1335 1424 2287 2681 2790 2863
cave 1887 1888 1910 1922 2041 2116
celebrate 265
celebrity 3581
center 1192
certain 1935
certainly 284 768
chain 1586 1589 1592 1626 1626 1638
chair 409 998 998 1000
champion 931 950 1017 1507
chance 109 2882 3286
chandelier 1586 1588 1592 1626 1638
change 108 2999
changes 3504
charge 1535
charming 1748
chatterbox 158
check 3371
cheers 939 3584
cheese 472
cherie 2218
chest 2110
chicks 3363
choice 456
chosen 795
chuckle 2482
chuckles 751 1313 2196 2590 2620 3312 3642
church 3291 3328 3373 3418 3434
cinderella 759 760 3653
clean 3436
cleaning 758 3097
cleared 2997
clears 640 1514 1652
cliff 1885 2045
climb 1191 3267 3289
climbs 1639
close 1182 1565 1617
closes 2653
colads 772
collapse 1635
collar 512 1594
collected 520
color-blind 2437
come 82 98 348 539 540 557 765 822 957 973 1188 1231 1529 1762 1874 1930 2129 2318 2404 2475 2599 2674 3164 3181 3279
comes 976 988 2117 2918 3010 3218
comfortable 592
comin 598 1798 2444
coming 215 3079
command 1741
commitment 1569
common 369 2847
compensating 838 2513
completely 2555
compliment 2180
confession 1209
congratulations 1023
congregation 3427 3433 3484 3584 3608 3611
connected 1586
consequences 1805
considered 394
constellations 1935
consumed 3624
contact 1572
continually 630
continue 862 2400 2485
continues 290 841 1288 2203 3106
cook 2600
cookie 638
cooking 758 2123 2573
cool 426 771 1308 1369
cornered 1415
cottage 236 349 404 437
cough 2360
coughs 1436
could 4 1082 1499 2111 2667 2965 3308
couldnt 2987
course 383 1428 1718 2236
courtyard 3315
cover 2111
covered 713
covers 289
coward 1341 1343
crack 1176 1610
crap 2307 3364
crashes 1408
crawling 2489
crazy 2670
creature 3209
creatures 73 74 521 663 1036
creatureshe 67
crests 2933
crisp 1819
cross 1611 2491
crosses 275
crowd 597 961 968 989 3651
crown 3577
cruelly 311
cry 455 1110 2822
crying 104
curb 1382
curious 3021
curtain 503
cut 1085 1989 1989 3367
dagger 3552
dah 2244 2244 2244
damn 168 1151
damsels 2255
dance 1273
dangerous 1338
dare 1795
dark 60 2632 2641 2643
darling 848
day 18 71 293 1164 2168 2804 2818 3501 3544
days 90 3560
dazzling 1424
dead 493 764 1181 2540
deal 1040
dear 1635
death 3546
debt 1652
decapitated 1083
decorator 358
deed 1650 2997
deep 1989 1990 2886
definitely 285
delicious 1141 1150 2584
delivery 1789
dense 1144
deride 302
descending 1609
description 1687
designated 227
destiny 1693
detail 982
detect 1425
did 485 612 1174 1536 1645 2159 2318 2326 2680 2739 3129 3203 3250
didnt 547 1188 1525 1762 2062 2551 2810 3079
die 938 1299 1299 1300 2352 2359 2370
different 2783 3095
differently 2595
diggin 2666
dignified 1805
digs 1815
ding 1001
dining 2595
dinner 439 2559 2573 3097 3098 3102
directing 525
disgustbeast 2221
disgusting 3512
distance 1566
do 30 31 132 362 368 395 420 430 456 460 517 518 574 592 678 745 800 808 838 905 1158 1174 1256 1278 1281 1288 1296 1304 1304 1425 1579 1582 1817 1854 1894 1972 1985 1995 2016 2145 2358 2426 2427 2472 2544 2681 2739 2799 3046 3176 3184 3204 3325 3385 3472 3582
dodging 2401
does 166 577 1086 2361 2973 3367 3430
doesnt 323 840 1341 2529 2716 3019
doin 1296
doing 489 530 1482 1573 1926 2214 2414 3058 3107 3108 3202 3341 3439
dolt 159
done 285 359 3664
donkey 106 114 142 151 167 182 194 196 198 206 213 214 238 245 246 249 261 269 278 281 289 298 309 314 317 326 332 338 344 356 367 379 385 391 403 408 411 419 425 431 444 447 544 546 573 580 586 597 600 602 606 614 620 626 822 825 834 840 844 861 872 875 902 904 920 921 927 944 946 979 981 985 1001 1059 1062 1074 1089 1096 1103 1109 1115 1126 1136 1149 1157 1165 1169 1173 1180 1184 1201 1208 1218 1225 1231 1236 1242 1250 1262 1269 1273 1277 1284 1289 1292 1298 1304 1307 1315 1321 1327 1333 1347 1351 1360 1368 1377 1380 1395 1398 1399 1403 1412 1415 1418 1560 1590 1594 1595 1598 1617 1641 1646 1649 1652 1657 1686 1689 1699 1707 1709 1774 1798 1800 1813 1828 1839 1844 1869 1882 1893 1914 1921 1925 1934 1936 1943 1948 1953 1961 1966 1970 1978 1983 1988 1997 2001 2003 2011 2018 2024 2028 2030 2036 2048 2061 2069 2077 2087 2116 2123 2127 2133 2135 2141 2148 2165 2176 2183 2192 2302 2316 2344 2350 2355 2357 2364 2368 2375 2377 2386 2431 2433 2443 2463 2470 2481 2485 2491 2492 2511 2523 2532 2550 2565 2619 2630 2639 2653 2656 2663 2673 2685 2691 2697 2702 2705 2709 2712 2717 2720 2726 2732 2738 2743 2745 2751 2756 2758 2766 2772 2778 2781 2788 2798 2809 2824 2832 2836 2844 2868 2873 2892 2896 2904 2911 2924 2981 2984 2987 3021 3054 3057 3064 3075 3085 3092 3096 3106 3106 3110 3120 3127 3137 3143 3147 3148 3150 3156 3163 3170 3183 3188 3193 3201 3212 3222 3228 3230 3239 3246 3253 3261 3270 3272 3279 3282 3320 3331 3340 3348 3354 3360 3370 3387 3398 3408 3415 3567 3571 3574 3580 3586 3641 3657 3663
donkeys 179 910 988 1072 1210 1215 2070 2124 3083 3375
dont 107 132 265 270 283 283 306 362 392 393 427 427 547 724 771 888 1066 1075 1075 1133 1140 1185 1210 1215 1247 1251 1251 1252 1252 1266 1278 1382 1437 1504 1567 1579 1581 1722 1816 1818 1845 1895 1948 2012 2232 2370 2418 2568 2589 2640 2664 2682 2837 2862 2876 2892 2946 2950 3014 3066 3072 3175 3224 3254 3283 3325 3338 3342 3465 3537 3633
door 430 513 519 543 704 1494 1546 1557 1909 1911 2040 2082 2653 2702 2868 2918 2930 3191 3218 3328
doors 876
dos 3309
dots 1963
down 65 439 637 861 886 920 1001 1047 1191 1247 1251 1251 1252 1253 1254 1255 1446 1448 1449 1484 1494 1561 1561 1589 1617 1625 1636 1644 1646 1648 1795 1804 1806 1810 1817 2046 2110 2151 2204 2261 2289 2309 2364 2544 2567 2779 2803 2825 2886 2919 3010 3568
dragging 512
dragon 7 934 1064 1316 1339 1369 1396 1398 1399 1407 1415 1419 1420 1427 1428 1430 1434 1439 1522 1525 1587 1590 1591 1608 1622 1632 1637 1639 1640 1695 3097 3266 3289 3317 3321 3567 3568 3572 3574 3577 3654
dragon-guarded 769
dragons 11 1167 1404 1588 1627 1633
drags 1530
drastic 1381
drawn 1535 3545
dreadful 9
drenching 976
dress 1446 3096
drink 1085
drinks 972
drop-it 2008
dropped 978
drops 179 490 1824 2316 3160
drury 689
ducks 2299
duloc 628 815 820 827 862 864 881 892 898 898 900 921 1017 1060 1826 2090 2488 2500 2509 2592 3054 3289 3291 3298 3435
dumped 1035
dumps 725
dunking 631
dust 180 199 1842
dwarf 496
dwarves 491 541
each 571 1576 2607 2666 3185 3639
ear 473
ears 1882
earwax 440
easier 1778 2436
easy 763 1741 1817 2397
eat 440 659 857 2168 2617 2791
eaten 1819
eating 2496 3097 3098 3102
eats 1340 2574 3569
echoes 531
echoing 1630
edge 2045 3575
eggs 2122 2123 2146 2151 2165
elevated 2360
eligible 753
else 577 1137 1426 3081 3214
elsewhere 1387 2429
elves 525
embarking 1024
emotional 1232
emotionally 1568
empty 1375
enchantment 3
end 664 1002 3653 3668
ending 3643
ends 1254
enough 162 488 634 1197 2951 3266 3442
enter 713
entertain 362
entire 1083
entrance 1922 2040
epic 1499
escapes 468
especially 3082
eternally 1652
even 197 2058 2664 2680 3204
evening 729
eventually 213
ever 14 169 1138 1940 2874 2883 2902 3203 3495
every 2815 2958 3661
everybody 869 1129 1129 1137
everyone 531 571 1133 1823 2034 3434
everything 1177
eviction 564
evil 759
evilly 818
exactly 1044 2196
example 1097 1100
excellent 3035
exchange 3021
excuse 3308 3451
exit 1617 1621 1632
exits 1548
expected 2197
expecting 1748
explains 3508
explodes 2121
extinguishes 57 59
eye 660 1432 2601 2654 2916
eyeing 3302
eyes 50 640 1430 1591 1611 2122 2286 2537 2778 3624
face 370 896 1676 1841 2425 3021
facility 227
fact 594
fade 3664
fades 3645
faints 2485
fair 663 3025
fairies 526 534
fairy 67 73 74 180 520 591 654 1036
faith 303
fall 1648 2460 2489
fallen 3479
falls 531 860 1589 1592 1646 2716 3578
famous 1951
fancy 762
fanfare 913
far 455 756 756
fare-thee-well 3052
farewell 3011
farm 456
farmer 77
farquaad 225 563 569 594 631 633 638 643 652 662 673 681 687 695 701 709 720 724 728 737 747 784 791 795 798 807 813 853 915 930 945 948 1015 1022 1031 1038 1046 1053 1065 1758 1783 1833 1849 2093 2096 2107 2110 2671 2820 2838 2979 2989 2995 3003 3006 3006 3009 3013 3024 3031 3034 3043 3293 3311 3429 3464 3478 3486 3492 3511 3525 3536 3543 3551 3558 3565 3569
farquaads 659 831 1838 2090 2513 3054 3577
fashioning 2498
fast 646
father 132
fault 2341
favor 1516
fear 1211 3262
fearful 4
fears 1336
fed 2232
feel 256 1243 2567 2640 2667 2676
feelings 1818 3016 3196
feet 1483 2981
fella 149
feminine 1429
few 1900
field 822 1059 1163 2494
fields 1941
fiery 769 934
fight 979 1064 2261 2306 3654
fightin 274
fighting 982
fights 3516
filled 1067
finally 451 815 1000 2309
find 450 577 765 800 827 1349 1370 1824 1879 2224 2365 2559 2805 3619
fine 460 591 890 1266 2533 3160
finest 817
fingers 57 788 2496 3007
fiona 774 775 796 799 814 933 1170 1409 1445 1449 1453 1459 1463 1465 1472 1481 1491 1497 1506 1513 1524 1530 1533 1543 1553 1596 1601 1617 1643 1662 1669 1675 1682 1692 1704 1713 1725 1731 1737 1744 1751 1761 1769 1781 1794 1803 1810 1821 1832 1846 1857 1866 1878 1898 1904 1908 1918 1922 2040 2082 2094 2111 2116 2121 2122 2124 2144 2151 2156 2167 2187 2189 2199 2204 2213 2220 2231 2289 2292 2299 2306 2308 2310 2312 2317 2321 2328 2340 2347 2363 2374 2384 2391 2400 2403 2410 2417 2423 2454 2461 2467 2477 2478 2490 2493 2498 2498 2508 2521 2528 2536 2546 2562 2574 2576 2583 2592 2594 2604 2612 2623 2635 2647 2653 2702 2706 2709 2716 2723 2729 2735 2742 2748 2755 2763 2769 2775 2785 2794 2802 2813 2831 2840 2849 2869 2871 2881 2891 2900 2908 2918 2924 2927 2939 2945 2954 2960 2968 2973 2990 3005 3018 3025 3026 3030 3038 3048 3051 3095 3097 3203 3250 3293 3301 3307 3313 3424 3438 3447 3449 3457 3465 3471 3489 3493 3499 3508 3516 3522 3530 3541 3548 3556 3590 3592 3598 3604 3607 3614 3628 3628 3631 3645 3649 3651 3652 3656
fionas 1443 3552 3624
fire 524 1165 1339 1340 1400 1634 2573
fire-breathing 7 1308
firewood 2563 2695 2697
first 5 13 936 1067 1474 1576 1697 1985 2806 2859 3435 3619
fish 2601
fist 740
fit 1895
fitted 3096
five 128
fix 2309
flabbergasted 560
flame 1540
flatulent 1950
flawless 3025
fletcher 3409
flicks 1407
flies 178 2302 2492 2493 3266 3577
flight 526
flinches 2337
floor 1410 1445
flower 2366 2369 2370 2378 2431 2434 2434 2435 2437 2445 2446 2860 2886
flowers 1447 2382
fluids 1086
flush 15
fluttering 1430
fly 180 183 186 189 199 1637
flying 90 196 1408 1535
follow 3073
following 296
food 1423
fool 195
for 12 34 74 94 128 145 215 278 439 710 753 758 766 774 839 925 935 1040 1093 1232 1266 1312 1352 1449 1499 1546 1569 1571 1594 1621 1632 1635 1775 1785 1895 1921 1951 2044 2123 2218 2359 2382 2385 2431 2513 2601 2860 3000 3001 3008 3027 3036 3096 3189 3240 3254 3262 3289 3332 3338 3413 3451 3546 3553 3560
forced 557
foreboding 1194
forest 1875 2174 2449
forever 3334
forget 1967
forgive 3000 3007 3185 3188 3236
form 2807 3620 3621 3621
forms 1593
forth 932 937
fortress 1077
found 472 707 1887
freak 394
freaking 2717
freaks 1067
free 9 262 980 3563
freedom 266
freshly 42
freshness 1426
friend 310
friends 266 270 307 603 1576 3072 3184 3240 3244 3247
from 9 42 50 58 448 455 490 596 755 761 769 856 934 1060 1423 1566 1882 1945 1958 2040 2104 2204 2219 2241 2247 2289 2319 2372 2425 2709 2716 2925 3494
front 246 513 519 855 1922 2151 2184 3010 3433
frozen 764
full 81 1067
fun 412 3321
funny 1714 3665
future 1944 1948 2505
gabby 2074
gains 1608
games 2714
gang 1639
gases 292
gasps 534 1335 1398 3427
gate 855
gather 3298
gazes 2111
gentlemen 1909
gents 455
get 18 27 64 82 98 172 210 284 518 538 592 595 608 840 855 856 890 920 954 962 1029 1063 1075 1116 1123 1139 1403 1415 1562 1575 1638 1639 1767 1819 1825 1972 2201 2266 2303 2490 2563 2695 2760 3039 3059 3129 3283 3513 3514 3514 3541 3563
gets 179 489 989 1407 1445 1447 1617 2044 2151 2490 2716
gettin 2037
getting 210 439 773 1182 1605 2232 2385 2426 3293 3654
giant 41 853 1170 3652
gingerbread 630 637 644 647 649 658 666 669 677 684 691 698 717 723 3655 3660
gipetto 76 120 135
girl 761 1427 1428 2815
give 89 109 371 766 998 1013 1017 1041 1065 1581 2247
gives 1640 2306 2393 3279 3505
glances 2116
glass 631
go 18 149 265 392 429 539 748 801 932 962 982 1040 1064 1267 1348 1470 1592 2056 2224 2637 2675 2866 2876 2998 3055 3076 3117 3148 3151 3199 3255 3313 3321 3531 3587
god 1256 2752 3661
goes 17 235 597 639 1002 1408 1449 1593 1694 1910 1921 2336 2653 2803 2913 2930 3102 3190 3323
goin 271 1372 2566 2631 2657 2692
going 817 924 982 982 1548 1729 1864 1875 2400 2859 2919 3628
gone 245 301 1054
gonna 14 412 594 857 1063 1299 1299 1300 1381 1438 1581 1582 1829 1972 1985 2352 2617 2827 2914 3333
good 51 145 256 262 429 534 1054 1071 1086 1334 1664 1723 1766 1871 1887 1910 1919 2145 2149 2255 2452 2530 2577 2577 2648 2651 2859 2859 2873 3015 3072 3435 3480
gordo 463 471 478 482 484
gosh 551
got 118 139 142 272 346 370 468 1405 1425 1432 2049 2157 2168 2552 2665 2846 3362 3362 3572
gotta 302 396 397 1175 2897 2906 3332 3371
gotten 1084
grab 177 322 1399
grabs 468 488 910 1586 1595 1596 1624 2270 2493 3147
grass 894
gratitude 1516
great 251 259 272 1024 1651 1849 2588 3071
greedy 2254
green 273
greenkisses 2219
grime 1842
grind 34
grinds 1077
grins 2038
groan 1199
groans 840 1445
groin 1610
groom 3028
groom-to-be 1833
ground 201 203 977 1300 1825 3415 3578 3625
group 1958 2488 2499 2975 2979
growls 1421
grows 125
grunt 2289
grunts 2456
guard 73 80 85 88 93 97 100 117 127 138 144 153 161 171 191 205 218 224 233 233 234 704 706 1012 3048
guarded 6
guards 162 177 209 215 252 713 780 1009 3317 3318 3323 3512 3512 3516
guess 361 426 428 433 1950 2518 2595 2980 3172 3235 3273
guest 3047
guests 3048 3657
gumdrop 670
guy 569 594 2258 3294 3368 3483
guys 1000 2041
ha 195 195 199 199 1007 1007
ha-ha-ha 3262
had 3 8 292 1384 1488 2472 3286
hair 288 1673 2309
hairs 1118
half 91 1263 3121 3122 3122 3125 3128 3129 3129
halfway 1260
hallway 1495
hand 291 739 2425 2855 2993 3026 3130 3563
handkerchief 1515
handle 1369 1369
hands 179 2401 2495
hang 714 957 1634 1636
hangs 1811
hapaya 539 540
happen 14
happend 2468
happened 2782
happens 805 1823 2445 2803
happily 2882 3495
happy 3643
hard 3415
has 512 664 1810 1810 1887 1905 2330 2404 2514 2573 2893 2979 3016 3479 3655 3656
hate 369
have 118 139 197 234 270 301 302 307 369 456 517 744 800 815 817 884 931 951 1016 1066 1082 1121 1122 1122 1123 1128 1130 1138 1158 1203 1209 1210 1215 1266 1273 1420 1498 1551 1673 1770 2054 2568 2819 2841 2947 2950 2987 3001 3014 3263 3321 3338 3559 3566 3566 3567
havent 1489 3285
havin 3434
having 1164
he 64 166 166 175 179 186 189 192 200 203 213 215 215 233 245 394 404 439 440 440 441 451 451 488 489 490 491 518 520 563 563 574 638 639 640 644 659 839 841 858 940 975 1067 1101 1123 1253 1289 1377 1403 1436 1445 1449 1587 1587 1587 1589 1589 1596 1611 1611 1625 1758 1762 1783 1790 1834 1839 1887 1903 1957 2111 2251 2265 2336 2460 2477 2496 2514 2529 2778 2821 2868 2868 2886 2974 2979 3010 3102 3102 3376 3409 3415 3430 3433 3462 3563
head 73 85 93 100 117 127 138 144 153 161 171 179 191 205 218 224 704 706 853 913 988 1012 1162 1588 1593 1593 1633 2360 2455 2553 2555 3054 3131
heading 1060
heads 1084 1546 1624 2488
healthy 1562
hear 601 913 1422 1522 2664 2753
heard 162 534 1621 1658 2951 2955 3209
hears 440 1903 2868 3102
heart 1436 1651 2286
heaves 1123 1971 2886
heavy 568
heck 1343
heights 1222
heimlich 2361
hell 1140
helmet 1001 1356 1664 1673 1719 1726 1742
help 133 2056 2364 2415 2727
helped 3128
her 4 9 12 151 172 178 179 497 757 758 764 1312 1430 1440 1446 1449 1450 1450 1451 1494 1494 1546 1591 1593 1593 1594 1596 1646 1790 1791 1811 1816 1817 1818 1822 1824 1882 1911 2041 2098 2112 2119 2120 2220 2295 2309 2401 2425 2425 2496 2670 2676 2680 2709 2753 2759 2778 2937 2974 3010 3011 3059 3065 3066 3070 3073 3255 3349 3355 3496 3504 3577 3616 3628 3652
here 241 252 300 429 435 538 557 653 754 884 982 1006 1231 1384 1785 1891 2229 2308 2476 2632 2658 2713 2866 2877 3164 3279 3298 3439 3573
heres 1814
herself 2717
hes 157 158 180 210 630 634 838 1416 1950 2265 2281 2281 2980 3107 3461 3469 3664
hesigned 564
hey 183 271 491 540 547 845 852 873 957 986 1482 1571 1572 1583 1788 1825 1874 1891 1944 1971 2208 2224 2397 2482 2566 2642 2692 3164 3164 3240 3341
hi 1599 3434
hide 534
hideous 941 2875 2965 3209
hides 216
hidin 1998
hiding 674
high 823
higher 2119 2119
highest 11 1357
highness 1741
hill 349 1644 1646 1649
him 58 75 206 207 210 214 247 505 513 525 543 578 631 724 725 725 861 910 951 954 962 976 995 998 1076 1077 1409 1431 1436 1439 1440 1531 1545 1565 1590 1605 1766 1785 1846 1855 2094 2111 2133 2461 2467 2485 2529 2537 2912 2918 2928 2928 2928 2929 2929 2974 3106 3376 3455 3465
himself 439 918 1377 2111 2858
hint 371 1425
his 17 57 59 68 112 124 235 236 289 291 452 469 521 524 640 640 739 936 1077 1078 1101 1445 1610 1653 1654 1742 1771 1791 1841 1958 2110 2125 2165 2424 2515 2554 2554 2778 2854 2979 2980 3007 3009 3021 3049 3097 3496
his- 1771
hits 203 1610 2119 3415
hm 2145
hmm 266 1700 1967 3125
hmph 2102
hobbies 757
hocus-pocus 3526
hold 30 1404 2316 2318 2392 2411 2444 3285 3334 3349 3552
holding 1635
holds 738 788 910 965 1101 1404 1514 2478 2996 3294 3483
home 21 354 460 3073 3080 3095 3100
homey 1900 1903
honest 311 2261
honor 931 1024
hood 2207 2214 2217 2227 2235 2246 2253 2258 2260 2268 2276 2284 2290
hoof 2515
hop 3285
hope 1658
hoping 3642
hops 408 979
horrible 2816
horror 1637
horse 2980 3009 3049
hot 757 770 1632
house 489 541 1170 3097
housefly 197
hovers 3615
how 485 1683 1694 1817 2145 2236 2676 2833 2837 2892 3181 3322
however 639
hows 2858
huff 441
huffed 563
hug 2569
huh 501 2136
hum 621 624 626
human 2934
humming 921 1154
hungry 2559
hunters 1958
hurry 848 848
hurt 1818 2348 2351 2351
husband 3393
i- 2679
i-dont-care-what-nobody-thinks-of-me 346
i-its 2625
id 827 1385 1433 1578 2605 2637 2865
idea 272 1016 1723 2791
if 146 282 283 665 934 1180 1342 1348 1437 1438 1783 2364 2371 2436 2471 2680 2837 2906 3071 3180 3322 3451
ignores 1546 3106
ill 107 272 299 432 678 808 1039 1041 1369 1370 1371 1621 1650 1784 1854 2285 2392 2547 2559 2563 2595 2600 2760 3035 3322 3544 3545 3559
illhe 665
im 124 124 168 195 271 300 322 414 431 434 516 594 647 653 857 982 1006 1028 1158 1226 1231 1255 1281 1296 1299 1299 1300 1381 1382 1434 1436 1568 1570 1577 1659 1717 1729 1782 1788 1789 1801 1874 1985 2022 2028 2053 2058 2228 2254 2255 2287 2341 2355 2358 2369 2404 2444 2522 2522 2533 2636 2642 2664 2670 2681 2682 2743 2786 2832 2860 2865 2914 3003 3164 3168 3234 3235 3560 3573 3574 3633 3649
image 2112
in 6 10 11 18 24 60 75 76 91 107 246 255 351 369 370 413 489 504 516 530 594 631 631 704 711 718 773 888 917 994 1001 1028 1067 1116 1192 1357 1358 1365 1389 1432 1435 1535 1610 1610 1625 1632 1637 1652 1686 1694 1838 1867 1875 1887 1922 2093 2093 2112 2125 2151 2181 2184 2220 2269 2295 2308 2330 2332 2537 2552 2554 2588 2599 2675 2702 2713 2749 2817 2847 2854 2865 2879 2974 3010 3026 3189 3194 3258 3379 3388 3480 3516 3559 3650
include 758
incredible 241
indeed 949 1039
indulge 3313
information 876 1093
inside 404 534 541 877 1312 1319 1923 2637 2653 2889 2920 3373 3390 3401 3415 3418
install 3286
instead 1591 3655
instincts 2665
insult 3175
interacts 989
interesting 2308
interior 1624
interrupting 3035
into 213 214 659 725 860 862 920 958 981 982 1199 1255 1540 1545 1557 1566 1567 1649 1910 1935 2117 2204 2302 2365 2492 2499 2778 2934 3097 3190 3504 3615 3645 3654
introduce 2237
investigate 3103
invite 547
invited 551
irritated 423 1407
irritating 1144
is 63 73 76 77 104 245 246 357 361 412 428 439 450 482 504 512 524 569 574 593 630 637 640 713 714 714 730 743 745 755 761 765 769 800 822 823 852 866 869 875 892 898 898 900 921 935 940 981 1060 1068 1162 1192 1192 1193 1193 1263 1308 1377 1393 1424 1445 1570 1572 1588 1590 1609 1627 1651 1651 1663 1695 1701 1710 1714 1722 1752 1758 1782 1805 1870 1895 1957 1985 1991 2004 2008 2093 2120 2123 2265 2289 2307 2341 2414 2431 2488 2491 2500 2505 2555 2573 2577 2577 2578 2584 2698 2702 2776 2833 2833 2854 2883 2914 2924 2924 2924 2925 3009 3014 3102 3121 3122 3141 3147 3293 3479 3490 3527 3625 3650 3652
isnt 1534 2005 2620
it 27 81 82 129 146 162 357 369 468 539 604 607 621 624 639 707 711 714 714 739 766 775 808 826 826 827 951 980 1044 1067 1075 1123 1165 1170 1180 1187 1187 1193 1193 1288 1293 1296 1296 1341 1365 1381 1385 1474 1581 1589 1593 1602 1610 1633 1645 1694 1732 1829 1837 1847 1847 1899 1967 2005 2012 2016 2078 2129 2130 2158 2261 2277 2285 2336 2370 2404 2489 2494 2495 2497 2498 2498 2499 2499 2505 2602 2636 2664 2667 2789 2803 2859 2862 2863 2893 2919 2973 2993 2998 3016 3019 3117 3121 3202 3258 3367 3371 3409 3573 3608
itd 1437
itll 34 460 1859
its 24 34 50 262 306 359 393 455 460 664 752 869 938 941 946 977 980 1181 1186 1197 1407 1529 1562 1593 1605 1690 1693 1830 1899 2054 2180 2184 2337 2385 2408 2456 2492 2496 2624 2713 2736 2736 2749 2814 2826 2861 2893 3015 3171 3173 3273 3442 3450 3493 3512
itself 823
ive 142 162 663 1383 2795 2976
jackass 3154
james 3361
jealous 1848
jelly 50
jerk 1409 1638
jerks 112 2460
job 285 1687 1778 1782
joke 840
journey 1162
judge 2057 2200
jumps 1609 2302 2397 2624
just 151 157 288 357 432 460 504 751 764 800 857 858 946 965 1065 1075 1159 1175 1226 1233 1247 1256 1273 1399 1429 1564 1573 1577 1717 1726 1810 1822 1848 1899 1930 1984 1990 1991 2063 2303 2445 2456 2468 2491 2621 2670 2675 2872 2892 2913 2936 3008 3173 3202 3235 3255 3273 3308 3461 3537
just- 1929 2476
justhes 157
karate 2306
keep 11 894 934 1167 1169 1247 1252 1863 1992 2031 2120 2286 2359 2760 2906
keeps 213 2400 2401
kick 1381
kicks 178 983 1001
kidding 1930 2584
kill 969
kills 950
kind 346 1057 1554 1557 2157 2600 2845
king 734 743 816 3305 3404 3462 3528 3560
kingdom 730 756
kiss 5 13 764 1590 1683 1697 2806 2841 3284 3494 3495 3607 3619 3645 3649
kissand 3645
kisses 1591
kitchen 628
kneels 2537
knife 1084
knight 1466 1473 1554 1654 1664 1696
knights 8 916 949 1340 1536
knocks 1415 2290
know 30 322 345 358 368 393 427 427 429 433 485 574 577 587 587 678 688 1071 1082 1128 1137 1154 1186 1219 1263 1343 1372 1392 1422 1426 1434 1437 1507 1562 1575 1693 1845 1929 1954 1966 1979 1990 2058 2062 2067 2128 2157 2196 2201 2233 2361 2512 2512 2539 2543 2547 2637 2666 2681 2810 2845 2902 2914 3066 3070 3089 3171 3472
knows 568 1823
la 2208
lady 1478 2270
lancelot 820
land 521 595 762 917 1986
landetc 526
lands 469 3317
lane 689
lapse 510 1059 2122 2700
large 975 1420 2697
larger 979
last 767 768 1047 2475 2951 3066 3070 3581
late 413 848 2625 2625 3451
later 1146 1932 2171
laugh 1198 1839 1846 3276 3483
laughing 1707
laughs 13 37 64 235 638 839 1007 1564 1929 2181 2238 3481 3484
laughsthen 1198
laughter 1009
lava 770 1193 1228 1255 1637
lay 886 1077
layers 1121 1121 1122 1122 1123 1128 1130 1203 1210 3194
lays 1446 1448
leaking 292
leans 3496 3568
learn 2326 2330
least 1392 1507 2897
leave 372 1116
leave-it 2009
left 2122
leg 3656
legs 178 644 2359
let 132 397 771 886 939 1063 1256 1817 1837 1854 2237 3148 3151 3531
lets 27 539 905 1139 1273 1470 1573 1592 1717 3039
letting 3058
lever 875 906
liberte 2208
licks 57 2165 2496
lid 726
lie 2827
life 1635
lifted 3009 3614
light 1389 2372
lightly 1612
lights 439
like 14 255 288 339 345 347 351 360 365 369 393 431 601 853 977 1100 1134 1140 1145 1170 1228 1791 1816 1834 1849 1903 2128 2129 2130 2145 2261 2385 2496 2497 2553 2605 2717 2717 2800 2821 2828 2862 2863 2864 2964 2981 3016 3131 3203 3204
likes 756 772 1129 1133 1137 2265 3284
limb 2289
limerick 1500
limply 1811
line 73 75 888 3332 3368
links 1626 1626
lips 764 1450 2165 3496
list 1529 3047
listen 239 314 2759 3224 3341 3465
literally 213
little 78 103 121 149 157 188 314 518 562 804 877 1117 1226 1234 1342 1574 1649 1810 1846 1962 2121 2229 2262 2393 2595 2814 2977 3362 3450
little- 2298
live 350 516 765 2882 3080
liver 49
lives 688 762 2329
load 15
loaded 772
location 1198
lock 1494
locked 6 1694 3559
long 58 1563 1859 2371 2795
longer 1863
look 233 314 350 544 547 857 861 866 873 944 1170 1191 1197 1247 1251 1251 1252 1253 1403 1636 1676 1722 1949 1957 2053 2055 2232 2336 2421 2471 2478 2529 2529 2537 2543 2553 2621 2664 2717 2799 2825 2828 2833 2873 2916 3021 3066 3234 3342
lookin 1255 1352
looking 1254 1571 2431 3500
looks 65 151 214 233 318 395 504 571 853 1193 1377 1409 1449 1587 1640 1858 1904 1921 2110 2121 2124 2295 2335 2567 2592 2653 2697 2709 2717 2778 2918 2932 2936 2973 2974 2979 3131
lord 225 563 631 707 752 789 795 831 853 1758 1783 1833 1849 2513 2820 3003 3006 3007 3031 3481
lot 820 823 842 1093 1488 1577 2092 2847 2915 3508
loudly 58 279
love 12 167 604 1433 1577 1578 1702 1710 1771 1823 1829 2044 2818 2874 2883 2965 3204 3208 3342 3363 3413 3435 3469 3472 3480 3494 3596 3605
lovely 2 357 464 933
loves 5 13 1130 1697 2806 2807 2841 3619 3620 3621 3621
low 3266
lower 1882
lowered 640 3625
lying 1409
machine 274
mad 2278 2281 2281
made 256 440 451 3652
magic 714 721 2093 3614 3615
magnetism 3273
magnitude 1570
magnitude- 1571
maid 2262
make 42 814 888 939 1039 1078 1110 1160 1210 1633 1860 2158 2489 2547 2589 3032 3258 3544
makes 665 905 1243 1361 1637 2277 3527
makin 414
making 1159 1778 1954
man 23 26 29 33 53 262 339 602 630 630 637 647 649 658 669 677 679 682 684 685 688 691 692 696 698 699 702 717 723 847 994 1433 2204 2255 2293 2297 2566 2620 3655 3660
manages 981 1399 1403 2460 3563
manly 413
manners 3015
mans 644 666 988
many 8
march 2982
marches 503
marked 876
marriage 3026 3527
marriages 3581
married 692 702 3040 3293 3649
marring 3461
marry 745 1759 2819 2837 2872 2883 3455
masked 630
master 1383
mastered 1383
match 1002
matrix 1595 2308
matter 1431 2969
may 938 1150 1663
maybe 197 395 838 1071 1082 1690 1853 2200 2599 3204
me 89 107 109 133 245 256 283 296 301 302 315 397 428 435 547 581 581 587 588 588 598 608 647 656 659 665 986 986 1040 1063 1160 1180 1180 1222 1243 1256 1274 1334 1382 1467 1483 1499 1564 1645 1658 1683 1762 1784 1795 1804 1806 1837 1915 1984 1989 1989 2055 2056 2057 2058 2097 2098 2098 2160 2237 2278 2286 2358 2365 2599 2749 2753 2776 2815 2819 2821 2860 2873 2950 3000 3001 3007 3080 3081 3130 3172 3172 3172 3174 3175 3176 3177 3189 3208 3219 3224 3236 3250 3254 3308 3342 3379 3451 3495 3528 3531
mean 273 426 430 743 1219 1341 1421 1428 2159 2529 2589 2589 2624 2799 2873 3039 3174 3476
means 2514
meant 1534 2833
measure 1848
measuring 1854
meet 753
meeting 1474
men 45 58 60 64 234 763 817 953 977 978 978 981 1000 1837 2237 2240 2243 2250 2257 2264 2273 2280 2307 2309 2979
mended 3655
mentally 755
mention 804
merry 2237 2240 2243 2250 2257 2264 2273 2280 2297 2307 2309
mess 1159 1382
messenger 1788
met 1138 2062 3544
mice 452 488 490
mid-air 2309
might 196 1338 2863
milk 631 637 659
milling 3317
mind 283 2001 2476 2999
miniature 1144
minty 1425
minute 272 2631 3324
mirror 715 721 729 729 733 739 742 750 794 803 810 2094 2097 2097 2101 2104 2112
miss 2985 2985
misses 1587
mm-hmm 1492
mmm 2128 2577
modest 360
moment 215 278 1450 1475 1498 2308
mon 2218
money 135
monsieur 2258
monster 650 653 2228
montage 1162 2488 3095
moon 1163 2085
more 540 713 1094 1967
mornin 414
morning 2114 2145 2149 2922
morons 3537
mosquitoes 2493
most 730 1150
mother 3409
motions 3312
mountain 1885
mouse 454 459 468 481
mouth 289 1176 3577
move 82 539 1921 2418 2518 2695 3572
moving 451 1247 1252
much 41 362 981 1006 1243 1775 2436 3045
mud 977 981
muffin 679 682 685 688 692 696 699 702
muffled 2986
mug 965 975
mugs 958
munching 1060
music 876 2092
must 831 1182 1423 1693 2902
muzzle 2778
my 172 288 293 301 354 365 489 530 595 655 664 670 707 752 789 815 1029 1035 1176 1483 1507 1516 1529 1551 1580 1580 1677 1718 1770 1778 1782 1833 1944 1984 1986 2224 2285 2341 2476 2552 2553 2567 2752 2818 2841 2882 2883 2916 2999 3007 3080 3117 3122 3128 3141 3173 3273 3494 3513 3541 3553
myself 271 433 434 2237
name 339 1507 2602
named 950
nasty 2193
near 21 2500
nearby 18 2445 2493
nearly 2455
neck 1627 2552 2554
need 286 1879 2568 2915 3322 3447
needs 1899
needy 2248
neither 1188 1334 2041
nervous 158 2482
nervously 751
never 107 198 1848 2001 2799 2943 2980 3002 3258 3262 3581
new 949 2654 3305
next 71 86 95 118 139 1164 2538
nice 361 945 1470
night 21 401 429 437 805 1910 1919 1932 2596 2648 2651 2804 2816 2828 2951 3067 3070 3500
no 46 166 166 175 175 300 302 306 322 389 409 409 435 492 493 493 522 522 522 541 541 542 542 551 571 618 670 670 726 911 911 911 911 911 911 932 932 972 1016 1090 1090 1107 1113 1121 1140 1140 1144 1187 1188 1226 1270 1293 1293 1325 1343 1419 1419 1419 1441 1478 1583 1583 1583 1583 1583 1583 1584 1584 1584 1584 1667 1680 1680 1693 1735 1752 1788 1863 1899 1899 1957 1983 1984 1995 2008 2184 2341 2351 2408 2584 2624 2642 2714 2724 2727 2736 2764 2795 2901 2901 3006 3006 3019 3039 3138 3223 3231 3284 3443 3520 3520 3531 3534 3549
noble 1024 1654 1659 1775
nobody 3081 3081 3572
nods 3323
noise 441 450 451 1904
non 10
noogie 3280
nope 327
norm 2805
normal 3363
nose 125 288
not 124 271 460 542 542 592 653 670 670 730 734 743 763 768 857 945 982 1090 1129 1134 1474 1544 1568 1670 1717 1729 1753 1771 1778 1782 1805 1822 2022 2053 2196 2254 2452 2681 2826 2826 2833 2928 2929 3016 3079 3117 3164 3458 3469 3573
note 2120
notes 2119
nothin 1335 1962 2551
nothing 2467 2679 3031 3526
notice 564
notices 940
now 41 195 265 512 595 655 664 957 957 977 1059 1348 1470 1529 1583 1719 1719 1738 1879 1990 2037 2078 2123 2318 2392 2411 2588 2657 2792 2993 3071 3130 3172 3333 3393 3430 3450 3495 3514 3649 3655
nowhere 2204 2703 2924
number 754 761 768 776 777 777 788 792
object 3335 3421
obvious 2385
of 4 11 15 66 73 73 75 94 172 178 178 206 225 247 253 275 293 346 383 440 538 538 631 637 654 731 760 762 767 775 822 855 894 918 934 937 958 965 976 978 979 980 1001 1002 1009 1016 1024 1057 1067 1076 1145 1146 1162 1164 1191 1192 1209 1222 1228 1399 1404 1408 1416 1425 1428 1429 1435 1447 1488 1507 1516 1554 1557 1563 1569 1590 1592 1594 1611 1622 1624 1677 1718 1792 1833 1838 1846 1847 1888 1905 1922 1958 1962 2004 2008 2041 2044 2045 2092 2116 2120 2151 2157 2169 2185 2204 2236 2299 2303 2307 2309 2386 2414 2461 2467 2488 2489 2493 2573 2600 2632 2641 2642 2697 2760 2845 2859 2861 2905 2915 2979 2997 3010 3049 3095 3111 3195 3209 3298 3305 3375 3413 3434 3436 3513 3531 3541 3560 3577 3607 3614 3652 3657
off 135 200 234 235 493 595 603 666 771 894 975 1124 1162 1176 1188 1257 1365 1373 1398 1440 1445 1447 1483 1530 1547 1581 1595 1612 1632 1726 1732 1742 1841 1905 2059 2117 2157 2169 2303 2379 2445 2467 2492 2496 3009 3090 3135 3138 3289 3318 3657
officially 593
ogee 3479
ogre 19 219 322 517 950 1023 1039 1076 1079 1745 1754 1771 1940 2057 2064 2269 2686 2689 2717 2996 3015 3052 3157 3236 3487 3504 3632
ogres 41 1094 1100 1121 1134 1145 1203
oh 41 112 115 149 157 157 175 231 259 282 336 357 417 426 492 521 543 551 574 587 587 587 597 940 957 1005 1082 1127 1128 1206 1256 1281 1281 1301 1334 1413 1419 1419 1427 1433 1433 1454 1454 1470 1545 1584 1615 1693 1748 1752 1929 2004 2025 2037 2044 2088 2149 2236 2236 2237 2298 2317 2335 2341 2351 2378 2475 2566 2624 2661 2674 2724 2752 2964 3006 3014 3044 3125 3180 3188 3413 3430 3450 3479 3480 3665 3665 3665
ohh 1174 1432 2460 2657 3194
ohhhh 718
okay 401 401 591 678 792 792 1100 1232 1243 1251 1266 1288 1347 1573 1573 1621 1741 1758 1814 2034 2054 2078 2078 2088 2355 2369 2426 2455 2455 2472 2736 2736 2786 2860 2866 3234
okayfiona 1717
old 111 135 141 148 156 165 174 177 3130
old-fashioned 1564
ominous 1789
on 30 51 82 98 179 452 464 469 492 521 539 540 543 603 607 609 626 689 729 748 766 862 937 957 957 973 982 989 1009 1024 1040 1060 1076 1084 1151 1165 1211 1227 1231 1252 1356 1405 1410 1416 1446 1494 1529 1529 1577 1589 1608 1609 1634 1824 1874 1930 2129 2173 2286 2318 2369 2411 2444 2461 2475 2475 2486 2494 2515 2519 2539 2631 2657 2666 2674 2675 2815 2976 2980 3015 3021 3049 3267 3285 3285 3313 3574 3608
once 2 1365 2173
one 177 300 302 401 435 551 571 744 755 776 785 917 949 978 979 1001 1176 1233 1424 1557 1574 1758 1939 2004 2008 2053 2055 2079 2079 2329 2330 2804 2901 3112 3131 3284 3375 3443 3501 3607 3656 3661
ones 81 1788
onion 1060 1101 1104 2004 3195 3652
onions 1100 1121 1122 1129 1145
only 5 310 401 1066 1940 2716 2803 2828 2841 2882 2893 2980
onto 408 638 979 1300 1484 1592 1841
open 877 1085 1176 3624
opens 518 704 1557 1591 2702 3218
opposite 2414
or 286 665 777 1158 1500 1576 1804 3177 3333
order 225 1013 1887 3513 3566
orge 2846
os 1396 1561 1919 2441 2872 2882 3199 3208
other 234 571 763 977 1536 1576 1636 2607 2667 3185 3639
others 656
our 1017 1211 1211 1473 1639 1972 1976 1984 3144 3305 3495
out 65 172 178 178 271 275 293 440 519 538 593 637 765 822 976 1101 1164 1165 1211 1399 1403 1438 1483 1494 1515 1590 1707 1870 1888 1935 1992 2031 2041 2116 2180 2204 2240 2299 2303 2307 2336 2393 2404 2421 2477 2718 2760 2918 2996 2998 3218 3367 3371 3513 3541 3577
outdoors 431
outhouse 3190
outrageous 3465
outside 423 428 432 433 434 445 448 2852 2868 2913 2930 3102 3103 3382 3396 3406
outta 288
over 68 90 254 348 503 638 875 906 913 966 988 1000 1227 1348 1385 1447 1449 1548 1563 1593 1637 1791 1891 1904 1940 2045 2092 2425 2461 2485 2489 2697 2914 2993 3628 3657
overhead 3266
overlapping 1625
ow 476 2397 2441 2452 2460 2479 2515 2555
own 266 2225 3195
paid 2269
pain-in-the-neck 1309
pal 2232
pals 1576 3071
pan 76 185
pans 178 2092
paper 66 68 2997 2999
parfait 1139 1140 1159
parfaits 1138 1141 1150
parking 820 822 841
part 63 1416
party 3054 3657
passed 1810
past 978 1596 2974
path 215 2449
pathetic 3082
patience 664
pause 394 596 2037 2540
pauses 2308 2868
pay 3174
paying 74
peace 3334
peaks 2041
peeled 43
pees 1165
pen 1576
people 74 75 877 880 1016 1094 2055 2200 3111 3298
percentage 2251
perfect 655 730 799 816 881 892 900 1899 2108 2943 3027 3028
perfection 3566
period 1563
perk 1690
permission 1581
person 450 1138
personal 1580
pet 1772
petals 2925
pete 2044 3413
peter 76 178 185
pets 2778
pheromones 2675
phone 2316
physical 1568 1572
pick 587 788
picks 65 644 724 978 1439 1790 2485 2919
picture 760 767 775 902
piece 66 1192 2996
pieces 94 101
pied 524
pig 562
pigs 78 188
pike 1084
pile 2697
pina 772
pinocchio 77 123 131 550 556
pint 966
pipe 525
piper 524
pistol 772
pitchforks 323
pixie 199
place 226 351 835 892 900 936 1068
placed 2817
plan 949 1488
planet 1151
plans 3036
play 17 2104 2240
played 3650
playing 524 2713
plays 645 2092
please 107 108 132 380 392 397 397 759 894 1257 1561 1676 2228 2236 3355
plucking 2925
poem 1499
poetry 2811
point 1544 2040 2905
points 1935 2331
poisoning 655
pop 2240
position 2492
possessed 128
potatoes 1792
power 3379
pray 1515
preachers 3333
precious 3479
preferred 1154
preposterous 3493
presenting 2497 2499
pressure 2120
pretends 166
pretty 2254 2861 2864
prevailed 10
priest 3297 3304 3312 3375 3378 3392 3403
prince 1748
princess 3 745 774 775 795 799 814 933 1064 1170 1353 1356 1392 1463 1596 1599 1694 1757 1829 1837 1853 1895 1980 2094 2098 2149 2185 2211 2224 2476 2505 2610 2640 2682 2706 2706 2706 2707 2739 2743 2752 2782 2832 2833 2837 2858 2875 2951 2976 2990 3000 3025 3128 3480 3487
prison 9
privacy 365 518
privilege 932
probably 804 1422
problem 1164 1782 2049 2053 2055
problems 301
proceeds 1841 2303 2307
promise 2909 2909
promised 2993
prompter 3294 3483
pronounce 3393
properly 1784
propose 2427
prove 146 918
puckers 1450 3496
puffed 563
pull 666 906 1075 2336 2394
pulled 637
pulls 875 1494 1589 2040 2110 2220 2456 2477 3497 3614
puppet 121 124
pure 1651
pursuit 1633
pushing 3176 3177
put 497 516 1083 1164 1165 1795 1804 1806 1837
puts 1911 2082 2424 3048
putting 1356
quartered 3545
queen 815 3404
quest 1025 1028 1028 1028 1040 1057
question 1766 1814
quickly 216 540 1447 1640 2929
quiet 866 869 869
quietly 2128
quiets 2778
quite 51 158 358
radiant 3002
railing 2716
rain 773
ram 2285
rat 2581 2590
rats 525 2790
reached 664
reaches 639 1447 1611 3433
read 1365 1915
reads 66
ready 439 634 905 1569
real 124 1817 1989
really 158 231 240 240 240 255 259 282 318 330 333 333 386 1090 1237 1240 1240 1433 1570 1575 1578 1722 1816 2281 2281 2577 2657 2862 2874 3442 3599 3602 3602
reallyshrek 2514
reason 935 1071
receiving 1578
recite 1499
recognize 3112
red 2366 2369 2370 2378 2434 2435 2435 2437 2446
redhead 769
reeking 1429
regal 2979
regards 278
regret 3544
relationship 1568
relax 752
releases 1589
remaining 59
remember 1202 2796
remove 714 1663 1719
removes 290
rescue 933 1064 1312 1467 1757 1762 1784 2160 2254 2819 3128
rescued 1645 1695 1770
rescuer 1677 1718
rescuing 774 1979 2219
resettlement 227
respect 347
response 1337
rest 654 2573 3560 3657
reveal 1888
revered 3294
rewinds 2104
rich 2247
rickety 1227
rid 2385
right 27 81 145 195 246 348 538 568 595 601 624 674 822 826 924 924 972 1039 1068 1185 1192 1211 1231 1384 1436 1534 1540 1588 1590 1610 1785 1789 1801 1815 1853 1944 2079 2378 2543 2825 2825 2912 2912 2940 2975 3019 3044 3188 3224 3225 3234 3240 3244 3283 3283 3285 3325 3367 3572 3629
ring 1435
rings 1439
rips 2444
rising 2932
road 607 609 626 1577
roar 1522
roaring 278
roars 58 1398 1419 1592 1594 3574
robbers 1867
robin 2207 2214 2217 2227 2235 2246 2253 2260 2268 2276 2284 2290
robins 2241
rock 1192 3130
roll 980
romantic 1475 2620 3363
roof 1408
room 11 1357 1375 1377 1443 1558 1567
rope 112 855 1484
ropes 980 989 1635
rotisserie 2581
rotten 291
rotting 1253
round 3047
rows 855 859
rude 2236 3442
ruler 1849
rules 884
run 63 234 541 645 645 645 906 1630 2056 2365 3516 3651
runner-up 936
running 206 213 525 854 1398 1530 1595 1632 1958 3096 3318 3421
runs 213 235 404 860 875 1545 1596 2379 2494 2930 3415
rush 1567
rushing 976
sack 1792
sacrifice 938
sad 1641
safe 1263
safety 1640
said 1202 1296 1919 2129 2791 2955 2964 2986 3208 3409
sarcastically 383
saucy 2262
save 1551 3546
savior 2218
savor 1498
saw 169 2860
say 239 612 983 1139 1140 1717 1814 2181 2538 2551 3250 3333 3335 3368
sayin 283 2681
saying 740 2265 3008 3223
says 3294 3483
scare 274
scared 214 1342
scarier 1874
scary 282
scenes 2488 3095
scramble 64
screaming 1608
screams 854
seat 3286
second 856 1215 1921
secrets 2906
section 820
see 214 234 256 349 594 639 1146 1348 1565 1855 1875 2041 2078 2111 2228 2371 2455 2555 2631 2657 2709 2892 3112 3121 3375 3376 3385 3427 3528 3528 3545
seems 2054
seen 197 198 2703 2800 2924 3002
sees 451 491 520 995 1334 1648 2821 2932 2936
seize 206
self 3504
sensible 1336
sent 1757
separate 3516
sequence 2306
serious 2915
set 3010
sets 1617 2151 2821 3040 3504
setting 1858 3302 3500
settle 966
seven 491 763
several 451 1625
shadow 3375
shadows 451 2709
shakes 1451 2133
shall 918 931 1013 1274 2313 2805
shape 1435
share 1696
sharp 2554
shave 49
she 3 6 10 177 756 762 765 1446 1446 1448 1450 1545 1591 1594 1641 1658 1659 1791 1810 2116 2117 2118 2119 2122 2203 2299 2456 2495 2496 2716 2716 2717 2778 2918 2919 2925 2929 2933 2936 2936 3203 3208 3213 3213 3218 3220 3289 3323 3497 3504 3504 3505 3615
sheepish 2121 3505
sheepishly 2111
sheet 638 713 714 2110
shell 1361
shes 692 702 763 771 799 1639 1822 2193 2543 2682 3067 3614 3624 3632
shh 1331 2730 2770
shillings 128 145
shine 896
shiny 2078
shock 2879 2974
shoes 896
shoots 2298
short 1838 3008
should 804 1474 1482 1575 1766 2913
shoulder 68 469 1791
shoulders 1450
shouldnt 1072 1859 2200
shoves 1887
show 2097 2098 2098 3502 3568
showed 253
showing 3443
shows 760 766 774 2094 3608
shrek 1 17 37 39 48 55 57 58 62 213 214 216 221 230 235 243 258 264 278 290 295 305 313 318 321 329 335 341 342 345 346 348 353 364 376 382 388 395 400 407 416 422 429 439 443 450 467 475 487 500 503 512 515 529 537 553 559 567 576 583 590 602 608 611 617 623 822 830 837 845 851 856 861 868 909 920 923 940 943 956 964 971 977 979 983 986 988 988 991 994 994 1000 1004 1010 1019 1027 1034 1043 1050 1056 1059 1060 1070 1081 1092 1099 1106 1112 1120 1127 1132 1143 1153 1163 1169 1174 1179 1196 1202 1205 1214 1221 1230 1239 1246 1255 1259 1265 1270 1272 1280 1287 1293 1295 1299 1303 1311 1316 1324 1330 1346 1355 1364 1389 1391 1399 1402 1407 1439 1441 1441 1441 1445 1449 1450 1456 1462 1469 1477 1487 1494 1503 1510 1511 1514 1519 1528 1539 1544 1545 1550 1556 1566 1586 1592 1594 1595 1604 1608 1610 1614 1617 1620 1624 1629 1648 1666 1672 1679 1685 1700 1701 1707 1710 1716 1721 1728 1734 1740 1747 1756 1765 1777 1787 1797 1811 1836 1841 1852 1862 1870 1873 1887 1890 1894 1902 1921 1926 1928 1934 1935 1938 1947 1956 1965 1971 1975 1982 1989 1994 2000 2007 2015 2021 2027 2033 2043 2052 2066 2073 2084 2116 2123 2124 2132 2138 2153 2162 2174 2177 2179 2195 2210 2223 2295 2315 2324 2334 2354 2358 2365 2371 2374 2381 2388 2396 2401 2407 2413 2420 2424 2440 2444 2451 2456 2459 2466 2474 2485 2489 2490 2492 2495 2497 2499 2504 2512 2517 2522 2525 2542 2558 2573 2580 2587 2598 2609 2613 2615 2627 2645 2650 2654 2660 2669 2674 2678 2688 2694 2733 2733 2733 2767 2767 2767 2773 2790 2846 2850 2854 2857 2877 2879 2886 2897 2924 2930 2931 2936 2940 2942 2949 2957 2963 2972 2992 2999 3058 3061 3065 3069 3076 3078 3088 3093 3095 3097 3098 3102 3105 3115 3124 3134 3140 3146 3153 3159 3167 3179 3187 3198 3207 3217 3227 3233 3243 3249 3257 3269 3278 3324 3327 3337 3345 3351 3357 3366 3376 3384 3412 3420 3425 3427 3432 3441 3446 3454 3460 3468 3475 3490 3501 3505 3507 3516 3516 3519 3523 3531 3533 3540 3549 3555 3563 3587 3589 3593 3595 3601 3607 3627 3636 3645 3649 3650 3656
shreks 21 349 437 472 902 1591 1882 2302 2348 2351 2351 2352 2829 3100
shrink 58 1882
shut 112 543 1347 1605 3173
shut-in 755
side 1191 1448 1547 1636
sideways 2555
siege 1077
sigh 430 568 591 1124 1971 2814 2886 3234
sighs 67 858 2592 2645 2695
sight 172 3513
signs 516
silence 372 373 814 3294
silent 531
silver 94
sing 607 878 2118 2241
singing 299 306 607 612 2203 3361 3658 3664
sings 2118
sink 200
sir 1013 1473 1514 1664
sisters 759
sit 524 751 2544
sits 74 439 2046
sitting 432 504 1934 2980
situation 1337 1338
skeleton 1334
skin 43
skip 3308
sky 1935 2933
slammed 637
slams 430 3190
slay 1525
sleep 420 2125
sleeping 1163 2117 2124
sleeves 1212 1215
slide 1609 1611
slides 977
sliding 1644
slime-covered 1047
slobbering 1160
slobbery 3284
slow 1561 1561
slowly 3625
slug 464
smacked 925
small 104 1192 1415 2074 2490
smashes 739 975 1000
smashmouth 17 3650
smell 1187 2674
smelly 3157
smile 1424 2479 3505 3639
smiles 818 1492 2203 2605 2607 3509 3605
smoke 1435 1438
snake 2498
snaps 3007
sneak 994
sneaks 37 1566
sniffs 1104 1128 1174 1181 2165
snow 492 766 767 3653
so 290 428 526 751 775 831 937 937 981 1065 1165 1243 1308 1446 1466 1504 1714 1775 1814 1817 2070 2341 2436 2490 2530 2874 3014 3045 3062 3173 3180 3194 3250 3266 3376 3379 3451 3462 3654
soft 2092
softly 2203
soldiers 2981 2986
solid 1300
some 75 286 291 472 525 884 937 1076 1139 1771 2547 2559 3048 3317 3321
somebody 370 1175 1992 3214
someone 800 1563
somethin 240
something 239 286 713 839 1158 1432 1500 1998 2513 2789 2931 2946 2977 3065
sometime 2600
sometimes 1966
somewhat 3655
somewhere 1879 2037
song 921 2241 3658
sonnet 1500
sooner 1825 3045
sorry 928 1281 1478 1782 2342 2404 3234 3235
sort 4 1594
sound 1086 1871 3102
sounds 1002
soup 2601
sowhen 2269
sparkling 1421
speak 3333
spear 978
special 2431
spell 2814 2815 2842 2894 3614 3624
spiderweb 2493
spigot 975
spit 275 1940
spits 659
splash 1841
spleen 1085
spooky 2713
spots 215 452 1389 1588 1608 2919 2975 2985
sprinkled 179
sproutin 1117
squatters 1051
squeeze 49
squish 981
st 1680
stabbin 3189
stair 1383
stairs 1349 1352 1357 1370 1370 1371 1384
stalwart 602
stand 3537
standing 3632
stands 441
star 1935
staring 1934
stars 1945 1948
start 1117 1160 1608 2158 2287 3035
starting 1870
startled 3001
startling 3000
starts 2717
stature 1838
stay 65 373 380 397 412 445 888 1433 1579 2371 2877
steal 2247
steed 1484 1654 1659 1659 1775
stench 1959
step 1234 1384 1385 1574
steps 135 1253 1300 1381 2515 2879
stew 2590
stews 2588
stick 273 396
still 910 1377 1627 1923 2117 2123 2218 2392 2431 2642 2759 2924 3632
stink 1104
stinks 287
stomach 2753 2759
stomping 2936
stomps 3090
stone 1188 1610 1888
stop 306 1293 1847 1847 1859 2425
stops 1009 1545
stories 413 823 1949
story 1146 1915
straight 859 1063 1254
straightens 1446
stream 3096
stretches 2142
strong 292
struggles 177 2119
stubborn 108 3154
stuff 479 1076 2092 2600
stumbles 1611
stupid 2057 2063 3236
style 1595 2581 3361
such 359 881 3002 3072
suddenly 902 1522 1544 1638 2120 2203 2240 2716 3266 3317 3614 3624
suffer 1804
suffice 982
suit 42
sun 1116 1858 2803 2820 2932 2933 2936 3040 3302 3500 3504
sunflower 2854 2919 2925
sunset 811 1163 2571 2621 2624
superfly 197
supply 1838
support 1232
supposed 497 1169 1753 3116 3633
sure 1197 1341 1342 1427 2522
surprisedyou 1525
surrounded 770 1193
sushi 756
swamp 516 530 1029 1032 1035 1041 1066 1972 1976 1984 2599 2601 2997 3080 3117 3141 3144 3647
swappin 413
swatting 2492
sway 1289
sways 1274
swear 175
sweep 1483
sweet 3014
swiftly 1790
swinging 2494
swings 1586 1587 1790 2204 2289 2491
swoops 2204
sword 1535 1624 1625
swung 1636
ta 2244
table 74 136 452 492 493 639 639 640 958 1448
tackle 1233
tacs 286
tag 986 986
tail 234 910 1404 1407 1580 1580
take 81 129 314 936 1381 1516 1574 1595 1622 1632 1726 1732 1859 1863 2055 2285 2806 2873 2998 3318 3620 3620 3621
taken 498
takes 135 206 902 975 1398 1450 1530 1742 2251 2999 3289 3607 3657
taking 89
tale 67 73 74 521 592 654 1036
talk 159 167 168 175 192 290 634 1072 2012 2016 2400 2905 3447 3450
talked 3066 3070
talkin 244 250 1316 2661 3213 3214
talking 142 196 1185 1377 2124 2533 2869 3083 3210 3219 3220 3328
talkingest 168
talks 166 1602 3375
tall 319 2981
tallest 12 1358 1389 1409
tartare 2601
tea 2547
tear 1581
tearing 1904
technically 734
teeth 1420 1421 1440
tell 250 299 655 665 678 724 1222 1783 1822 1944 1948 1949 2675 2679 2680 2897 2909 2912 2928 2928 2928 2929 2929 2947 2950
ten 145
ten-foot 1986
tender 2337 2408
tenderness 3362
tent 535
terrible 7
terrified 2636
terrifying 517
than 1094 1874 1894 1967 2181
thank 404 1005 1005
thanks 1520 2163 2190
that 30 40 89 234 251 251 253 255 256 275 282 283 293 310 323 346 347 347 350 351 354 360 361 372 450 482 520 526 639 654 713 771 805 822 831 853 875 905 928 931 941 978 983 1068 1076 1086 1174 1192 1243 1263 1278 1285 1339 1343 1424 1515 1571 1579 1582 1588 1626 1658 1686 1701 1766 1783 1815 1816 1859 1887 1894 1932 1939 1962 2054 2079 2122 2129 2293 2318 2325 2325 2326 2336 2445 2482 2483 2490 2500 2605 2617 2621 2680 2826 2826 2969 2980 2986 3014 3130 3131 3176 3294 3323 3363 3451 3483 3508 3513 3527 3559
thatll 1304 1304 1863
thats 14 94 145 162 195 259 368 396 426 601 634 826 826 827 835 945 1169 1470 1536 1544 1579 1580 1586 1605 1939 2058 2085 2224 2270 2274 2475 2494 2509 2537 2636 2810 2819 2876 2892 3121 3184 3240 3334 3665
thatsis 2483
the 10 11 12 18 19 49 55 57 57 59 59 60 63 64 68 71 73 73 74 75 77 89 90 94 128 135 135 136 168 177 177 199 201 203 215 215 225 233 233 234 234 255 275 285 288 288 318 404 414 430 431 448 450 451 455 488 490 491 492 493 497 503 503 504 504 504 512 512 513 518 519 520 524 524 524 525 526 534 541 543 597 607 609 626 630 637 637 638 639 640 644 647 653 654 656 666 670 678 682 685 688 692 696 699 702 704 704 714 714 729 730 762 773 774 804 816 822 822 823 835 840 841 852 854 855 859 859 876 876 894 906 913 916 917 920 920 921 924 931 932 933 934 934 935 936 939 949 950 969 972 975 975 975 976 976 977 978 978 979 981 989 989 998 998 1000 1000 1001 1001 1002 1002 1002 1007 1009 1009 1013 1023 1044 1047 1051 1059 1067 1078 1104 1116 1150 1151 1159 1164 1164 1165 1169 1186 1191 1191 1192 1193 1197 1198 1255 1274 1282 1290 1305 1316 1319 1353 1356 1357 1357 1358 1369 1370 1377 1382 1383 1383 1389 1392 1393 1398 1399 1399 1404 1407 1408 1408 1408 1410 1415 1416 1419 1420 1430 1431 1435 1439 1445 1446 1447 1448 1450 1494 1495 1507 1522 1525 1536 1544 1547 1548 1557 1558 1567 1570 1577 1586 1587 1588 1588 1589 1590 1590 1591 1592 1592 1606 1608 1610 1610 1611 1611 1617 1621 1622 1624 1624 1625 1626 1626 1627 1632 1632 1633 1633 1634 1635 1635 1636 1637 1637 1638 1638 1638 1640 1644 1646 1648 1663 1676 1686 1726 1758 1804 1825 1825 1826 1842 1854 1858 1867 1888 1888 1905 1910 1911 1921 1922 1922 1935 1940 1948 1948 1950 1957 1980 1985 2040 2040 2041 2041 2044 2045 2045 2050 2053 2053 2054 2074 2078 2082 2085 2092 2093 2093 2098 2104 2104 2110 2112 2116 2117 2118 2119 2120 2120 2121 2122 2122 2123 2151 2165 2173 2240 2241 2247 2247 2269 2270 2289 2299 2302 2303 2303 2307 2307 2309 2316 2361 2365 2372 2382 2393 2397 2400 2414 2426 2431 2449 2455 2475 2476 2477 2479 2488 2489 2491 2491 2494 2495 2499 2537 2563 2573 2599 2632 2641 2643 2653 2653 2675 2697 2702 2702 2709 2716 2739 2743 2752 2805 2818 2820 2842 2854 2868 2886 2893 2894 2897 2905 2918 2919 2920 2925 2930 2932 2933 2933 2936 2981 2986 2987 2997 2999 3015 3027 3027 3036 3040 3045 3045 3046 3046 3047 3047 3049 3096 3097 3116 3128 3129 3129 3131 3147 3160 3189 3190 3190 3209 3218 3258 3266 3286 3289 3293 3294 3299 3302 3309 3312 3317 3318 3323 3328 3332 3363 3368 3375 3375 3379 3388 3399 3413 3415 3421 3427 3433 3434 3479 3480 3483 3483 3500 3504 3516 3544 3560 3567 3568 3574 3575 3577 3578 3584 3607 3608 3608 3614 3614 3615 3615 3624 3625 3645 3647 3650 3651 3654 3654 3655 3657 3657 3658 3668
thee 1909
their 1009 1084 1085 1085 1162 1371 2173 2486 3649 3651
thelonius 738 738 787 3607
them 37 132 177 371 548 645 674 731 886 1001 1116 1608 1617 1638 1639 2151 2201 3055 3514 3514 3517
theme 921 2241
themselves 254
then 215 253 291 597 674 710 839 858 861 876 944 972 1124 1274 1447 1448 1596 1640 1696 1762 1841 1921 2203 2307 2490 2495 2538 2806 3219 3312 3361 3608 3620 3625
therapy 2915
there 2 24 73 75 219 271 392 450 542 542 826 877 958 981 1162 1191 1211 1348 1361 1425 1548 1609 1767 1811 1829 1845 1957 2070 2070 2079 2079 2289 2307 2325 2488 2505 2697 2761 3202 3293 3388 3537 3615
theres 300 301 372 1071 1093 1335 1478 1815 1867 1949 1957 1983 1983 1984 2074 2331 2332 2679 2931 2946 3045 3046 3065 3262 3263 3332
these 1945 2330
they 252 252 254 348 371 542 714 754 866 877 913 1104 1110 1116 1139 1162 1191 1522 1540 1608 1632 1633 1634 1635 1636 1636 1696 1846 1882 1934 1949 1967 2057 2058 2173 2173 2241 2400 2485 2538 2607 3184 3267 3276 3289 3427 3581 3582 3639 3653
theyll 42 49
theyre 41 1372 2588 3399
thing 31 168 347 368 805 1150 1233 1985 1991 2393 2475 2539
things 592 1347 1966 2005 2009 2330
think 24 838 1094 1154 1361 1504 1659 1701 1710 1722 1845 1895 1990 1991 1995 2063 2233 2514 2568 3111
think- 1700
thinks 2512
this 9 63 81 104 121 132 210 412 530 569 594 730 814 873 966 1040 1063 1233 1256 1266 1281 1308 1407 1422 1473 1488 1498 1516 1534 1569 1574 1722 1752 1805 1837 1875 1895 1954 1991 2004 2008 2040 2154 2219 2341 2358 2392 2436 2552 2553 2577 2577 2578 2584 2620 2749 2776 2795 2800 2804 2816 2816 2821 2828 2832 2860 2914 3021 3122 3141 3325 3338 3342 3367 3479 3490 3526 3526 3642
thorns 2366 2369 2370 2378 2434 2435 2435 2437 2446
those 252 1035 1370 1371 1845 2004 2008 2790
though 2111
thought 252 444 1352 2861 2863 2961 2969 3086 3089
three 77 769 777 781 781 781 785 785 788 789 792 1940
throat 640 1514 1653 3552
throne 1558
throttle 1076
through 841 854 859 1059 1162 1253 1408 1408 1979 2173 2285 2494 3117 3164 3168 3375 3651
throw 519
throwback 1939
throwing 2467
throws 68 503 1625 2886
thud 203
thursday 1006
thy 1650 1651
tic 286
tight 3285
till 1006
time 2 510 752 994 1059 1234 1266 1422 1478 1488 1563 1575 1810 1870 2122 2421 2700 2976 3259 3338 3435
timeshrek 289
tinkerbell 76 178
tissue 1158
to 8 17 18 31 64 75 136 167 167 180 200 200 201 214 226 227 233 236 239 250 256 262 290 302 350 371 393 440 444 444 450 497 503 513 517 519 525 543 557 577 597 601 608 626 634 638 640 663 663 665 692 702 745 753 800 817 855 855 856 875 878 881 906 913 920 932 939 944 979 980 981 982 983 994 1029 1047 1077 1078 1086 1094 1164 1165 1169 1169 1170 1209 1288 1312 1337 1377 1382 1399 1403 1433 1445 1448 1449 1466 1488 1498 1535 1547 1551 1562 1562 1567 1575 1579 1586 1590 1605 1617 1626 1633 1634 1636 1637 1637 1639 1639 1640 1686 1729 1753 1757 1759 1770 1784 1819 1825 1841 1841 1849 1860 1871 1875 1879 1879 1887 1888 1915 1921 1922 1936 1940 1992 2012 2016 2031 2040 2045 2054 2098 2104 2111 2118 2120 2157 2158 2159 2184 2201 2214 2240 2241 2247 2266 2287 2302 2303 2307 2309 2330 2336 2358 2359 2364 2400 2404 2425 2446 2460 2471 2472 2478 2488 2489 2489 2491 2495 2495 2498 2499 2537 2544 2551 2589 2640 2671 2679 2695 2702 2703 2752 2782 2818 2819 2822 2833 2841 2858 2868 2882 2883 2893 2893 2905 2924 2930 2947 2950 2969 2997 3011 3015 3046 3054 3054 3066 3070 3103 3117 3174 3203 3224 3286 3299 3299 3309 3312 3313 3321 3342 3362 3362 3433 3444 3447 3447 3465 3501 3502 3513 3546 3552 3563 3573 3578 3608 3625 3628 3634 3651 3653 3664
to-do 1529
toad 2497 2601
toadstool 1047
toast 51
today 917 3040 3298
todays 753
toes 2567 2568
together 18 274 396 1233 2876
tohe 244
toilet 15
token 1516
told 444 827 2790 3079
tomorrow 1855 1858 2596 2820 3036
too 104 368 869 1371 1593 2120 2359 2641 2860 3605
top 2461 2489
torch 55 57 323
torches 59
torn 1905
torturing 630
tosses 3376 3652
touches 1900 1903
tournament 818 939
toward 1587 1624 2302 3421 3496
towards 1305 2854 2936
tower 12 1358 1389 1409 1695 2817 3559
town 18 881 3293
towns 3388
toy 128
traffic 526
trailing 1127
transport 226
trash 654 725
treat 2496
treated 3180
tree 1905 2205 2289 2303 2489 2491 2491 2494 3147 3160
trick 1606
tried 663
tries 994
trip 1079
trippin 254
trouble 2865
true 12 13 310 1697 1701 1710 1770 1822 2806 2807 2818 2841 2883 3469 3472 3490 3619 3620 3621 3621
trumpet 913
truth 2897
try 1006 3362 3653
trying 371 1163 2031
tubbing 757
tucks 234
tunnel 920 2371
turn 107 211 1009 2360 2553 3173
turns 214 233 244 245 278 450 451 491 543 944 994 1198 1449 1648 2335 2478 2553 2933
tush 2270
twenty 101
twinge 2552
twitchin 2916
two 602 759 761 777 781 781 781 781 981 1347 1621 2666 3072 3209
type 1717
ugh 2477 3512
ugly 2057 2063 2786 2817 2826 2827 2829 2875 2875 2965 3208 3236
uh 270 318 342 377 420 738 792 1090 1202 1202 1511 1569 1667 1939 2070 2163 2313 2330 2468 2547 2581 2783 2783 2783 2858 2865 3039 3214 3476 3508 3590
uh- 2518
uh-huh 835
uh-oh 200
uh-uh 3171 3223
uhsighs 2865
uhthe 1434
um 1100 2074 2518 2610 2616 2845 2859 3250
um- 3302
unable 1639
uncomfortable 1226
unconscious 2290
under 226
understand 2961 2964 3081 3633
unfamiliar 1337 1338
unfortunately 1609
uninvited 3444
union 3299
unorthodox 1650
unsuccessful 935
until 59 2554 2641 2805 3619
unwanted 1572
up 37 66 82 98 112 135 151 215 253 318 408 412 441 516 640 644 714 725 738 766 788 845 876 877 965 978 979 988 989 994 1169 1191 1254 1347 1357 1409 1440 1445 1457 1565 1574 1588 1605 1635 1790 1848 1911 1935 1954 2044 2070 2110 2120 2124 2133 2139 2151 2159 2168 2204 2220 2232 2345 2478 2485 2489 2490 2497 2498 2624 2674 2716 2868 2919 2980 2981 3048 3097 3173 3194 3294 3376 3443 3483 3504 3568 3615 3632 3654
upon 2 4 1676
upright 2492
upside 1636
us 276 551 886 1312 2169 2559 3661
use 3573
used 2640
useless 3082
valiant 1484
veal 1007
very 58 278 945 1006 1193 1595 2308 2554 2625 2713 2979 2996 3436
vested 3379
village 1083
villagers 18
visit 2599
volcano 1170 1644
volcanokeep 1191
waffles 414
waist 3011
wait 272 608 845 845 856 1215 1270 1473 1482 1547 1700 1701 2631 2642 3039 3324 3324 3324 3332 3341
waited 10
waiting 710 1312 1785
wake 1457 2133 2139 2674
wakes 1409 2124 2981
walk 920 1641 2918 3657
walking 236 841 859 1059 1162 1169 2173 2203 2310 2317 2345 2854
walks 135 631 638 704 1124 1304 1365 1373 1612 2045 2116 2169 2485 2496 2702 2868 2886 3160 3656
wall 729 860 1986 1991 3112
walls 3116
wanders 2117
wanna 392 2664 3076 3224 3325 3349 3450
want 350 1567 1915 2012 2016 2364 2544 2551 2872 3430
wanted 66 2158 2471 3502
wants 1759 1784 3443
wantshe 2931
warn 54 1175
warning 2028
was 2 6 240 250 251 253 254 282 431 1044 1176 1180 1316 1352 1757 1791 1930 2063 2293 2325 2472 2476 2616 2789 2790 2814 2817 3008 3204 3208 3213 3219 3642
wash 1841
wasnt 1187 1686 2436 3213 3218
waste 3015
watches 1641 2918 3008 3021 3054
watching 2093
water 1841
waves 55 888
way 210 318 924 1044 1372 1399 1583 1590 1816 1837 1888 1992 2173 2184 2299 2303 2486 2554 2795 2804 2893 3223 3263 3263 3501 3541
we 234 369 396 412 456 497 557 639 707 884 965 1123 1181 1210 1352 1392 1498 1565 1575 1767 1825 1859 1863 1894 1972 1972 1983 1983 2062 2157 2313 2427 2468 2518 2709 2866 3036 3298 3308 3322 3371 3375 3544 3664
weapons 1009
wear 200 1211
wearing 852
wed 3036
wedding 2092 3096 3258 3444 3649
wee 2251
weed 2581 2590
welcome 593 759 881
well 40 142 145 154 233 274 345 395 426 455 692 734 890 1209 1232 1392 1551 1705 1752 1775 1853 1909 2074 2168 2184 2200 2584 2588 2680 2789 2827 2846 2862 2973 2996 3116 3168 3172 3180 3219 3258 3476 3508 3632
welllaughs 2329
were 557 740 817 848 1534 1748 1875 1979 2037 2468 2666 3494
wet 2490
wetting 977
weve 2168
what 14 30 118 139 231 315 345 359 377 393 408 456 464 488 508 517 530 554 601 612 710 743 765 940 1020 1057 1082 1133 1137 1186 1219 1281 1361 1420 1426 1460 1482 1536 1554 1572 1582 1686 1714 1823 1833 1903 1926 1950 1971 1990 2049 2062 2136 2142 2180 2197 2214 2258 2265 2322 2335 2382 2414 2426 2526 2533 2538 2578 2628 2661 2739 2782 2791 2799 2955 3058 3062 3089 3107 3107 3172 3184 3240 3250 3254 3328 3341 3385 3430 3439 3472
whatd 2985 2985
whatever 714
whats 339 1431 1834 2049 2154 2345 2482 2631 2657 2905
wheat 1941
when 369 440 639 1202 1767 1823 1855 1972 1979 2062 2277 2308 2329 2552 2803 2814 2868 3102 3112 3334 3367 3443
where 63 420 497 568 574 577 596 656 869 958 1035 1192 1308 1392 1547 1653 2318 2326 2566 2692 2707 3262
wheres 1393
which 4 1066 1372 2514 3652 3653
while 18 394 1811 2220 2573 3615
whimper 1641
whip 1371
whirlwind 603
whispers 3618
whistle 615 3322
whistles 3264 3563
white 492 766 767 1117 1421 3653
who 76 77 214 560 568 688 772 800 852 949 1758 1845 1905 2031 2117 2233 2302 2478 2495 2874 2964 2986 3219 3415 3493
whoa 30 247 350 1870 2317 2317 2318
whod 350
whoever 2872
whole 1078 1151 1991 2050 2915 3054 3293 3388 3427 3484
whoo 2244
whos 77 674 2559
why 265 296 299 396 1075 1670 1762 2012 2016 2019 2058 2345 2819 2876 3039 3072 3254 3458
wide 3624
wife 3393 3553
wild 597 1002
will 284 775 814 815 936 950 1065 1356 1683 1804 1916 3027 3263 3566 3566 3567
willing 938
windmill 2500 2502 2653 2702 2854 2920
window 448 1389 1483
windows 3376
winds 876
winner 935
wipe 896
wire 765
wish 1384
witch 94 2815
witches 526
witchs 89
with 177 180 203 266 273 359 373 380 441 492 598 608 645 726 739 763 989 1336 1339 1382 1409 1431 1440 1582 1632 1638 1700 1922 2053 2055 2119 2120 2277 2366 2397 2446 2461 2479 2654 2739 2854 2877 2979 2981 3021 3076 3080 3107 3148 3165 3168 3171 3317 3480 3656
without 1654 3415
witness 3299
wolf 504 504 507 512 519
woman 111 135 141 148 156 165 174 177 997 1815 3342
won 1023 1663
wonder 306
wonderful 1474 1647
wonderingare 2616
wont 372 1372 2490 2909 2912
wooden 121 877 880 1546
woods 255 1808 1867 2117 2365
word 1159 1570 2901 2958
work 284 1438 3129
working 3147
works 3615
world 655 2050 2054
worn 593
worried 2522
worriedly 1565
worse 41
would 40 310 354 1653 2335 2424 2436 2818 2980 3031 3111 3111 3642
wouldnt 1680 1795 2969
wouldst 1676
wow 282 310 905
wrapped 3194
writes 3607
wrong 1335 1753 2345 3089
wrote 2811
ya 54 468 827 1146 1232 1405 1798 1801 1995 3071 3435
yank 2392
yankin 2398
yawn 2981
yawns 2142
yeah 34 992 1005 1035 1185 1478 1540 1605 1853 1944 2067 2128 2378 2512 2689 2789 2973 3062 3089 3116 3180 3188
yell 2306
yelps 2567
yes 40 250 688 811 1107 1285 1288 1288 1705 1752 2025 2613 2636 2636 3128 3346 3352 3358 3593 3633
yesterday 2158
yet 743 3165 3287
yonder 1483
you 30 31 63 118 139 146 159 169 196 198 219 226 227 231 239 240 244 250 251 251 251 253 265 273 282 285 287 287 296 299 302 306 322 324 339 339 345 346 346 348 349 358 358 361 362 368 370 373 380 393 395 397 404 408 427 427 428 433 444 482 485 489 530 538 595 596 598 646 646 650 653 653 663 678 678 710 740 744 744 753 771 838 852 857 916 918 937 1005 1005 1017 1035 1039 1041 1065 1066 1071 1075 1086 1110 1116 1122 1127 1128 1137 1138 1139 1144 1154 1158 1174 1175 1175 1202 1219 1222 1267 1296 1322 1348 1361 1369 1420 1422 1423 1424 1426 1431 1432 1434 1463 1482 1482 1489 1498 1515 1534 1547 1554 1573 1582 1621 1644 1645 1658 1663 1680 1683 1693 1700 1701 1701 1710 1718 1741 1748 1757 1759 1766 1783 1795 1804 1815 1816 1817 1818 1822 1824 1847 1848 1854 1855 1915 1915 1926 1929 1944 1950 1966 1979 1989 1989 1990 1998 2012 2016 2019 2025 2028 2031 2049 2062 2063 2128 2145 2157 2159 2159 2193 2196 2200 2201 2214 2218 2219 2224 2228 2233 2233 2298 2326 2335 2358 2359 2359 2364 2371 2392 2427 2471 2472 2506 2512 2533 2539 2543 2543 2544 2547 2547 2566 2599 2601 2602 2617 2633 2637 2661 2666 2676 2680 2692 2707 2739 2752 2753 2760 2782 2789 2791 2791 2799 2800 2805 2811 2827 2828 2837 2845 2846 2861 2863 2864 2892 2897 2901 2906 2909 2913 2940 2947 2950 2955 2964 2970 2976 2980 3001 3001 3014 3027 3044 3058 3065 3070 3072 3073 3076 3079 3089 3089 3107 3111 3112 3138 3151 3165 3168 3171 3171 3173 3174 3174 3175 3180 3181 3189 3202 3203 3204 3204 3210 3213 3224 3236 3254 3255 3279 3322 3324 3325 3328 3332 3335 3341 3342 3343 3349 3361 3385 3393 3439 3443 3447 3450 3455 3462 3472 3502 3513 3537 3544 3545 3546 3553 3559 3596 3605 3619 3629 3637
you- 1745
youd 1180 2961
yougrunts 2424
youll 3451 3545
young 2359
your 34 42 49 50 90 265 266 284 322 370 593 817 896 896 1032 1041 1078 1093 1154 1423 1432 1484 1652 1663 1710 1717 1719 1741 1782 1822 2049 2145 2286 2286 2332 2360 2505 2539 2997 3026 3121 3121 3125 3131 3195 3334 3469 3560
youre 273 598 734 743 924 1023 1063 1222 1260 1341 1342 1426 1427 1428 1429 1438 1580 1645 1647 1647 1647 1718 1745 1753 1778 1829 1847 1853 1954 2196 2414 2539 2632 2670 2782 2826 2845 2864 3019 3044 3058 3071 3079 3176 3188 3194 3195
yours 773
yourshrek 1824
yousighs 2616
youve 359 370 795 1488

-----------------------------------
Total de palavras: 12302
Total de palavras distintas: 1952
Palavras descartadas: 675
Tempo de construção: 0.055411
Total de rotações: 1392
-----------------------------------
